Statistics for traffic_data:
                  Date      Direction          Time        TRAFFIC           PRCP           SNOW          SNWD   SNOW_DAY_SUM       Vehicles     Driver Age  Condition_Code           MorF      DayOfWeek
count         167296.0  167296.000000  167296.00000  167296.000000  153574.000000  153718.000000  35950.000000  153718.000000  167296.000000  167296.000000   167296.000000  167296.000000  167296.000000
mean   20191047.900811       0.499785      11.50520    1065.531053       0.039158       0.426819     14.693474       3.063753       0.099554       2.211350        0.118909       0.073194       4.016557
std       32621.241155       0.500001       6.91537     900.744524       0.105441       1.261246     11.540372       4.769888       0.447734       9.743659        0.678479       0.314096       1.993942
min         20140101.0       0.000000       0.00000       0.000000       0.000000       0.000000      0.000000       0.000000       0.000000      -9.000000        0.000000       0.000000       1.000000
25%         20160915.0       0.000000       6.00000     253.000000       0.000000       0.000000      3.000000       0.000000       0.000000       0.000000        0.000000       0.000000       2.000000
50%         20190228.0       0.000000      12.00000     888.000000       0.000000       0.000000     14.500000       1.000000       0.000000       0.000000        0.000000       0.000000       4.000000
75%         20220802.0       1.000000      17.00000    1623.000000       0.020000       0.000000     21.500000       4.500000       0.000000       0.000000        0.000000       0.000000       6.000000
max         20241231.0       1.000000      23.00000    9317.000000       1.210000      18.000000     45.500000      40.100000      28.000000      94.000000        9.000000       2.000000       7.000000

